461.746152 438.078814 -10.275567
281.459293 125.065701 -42.245530
794.871875 150.237680 -0.283650
1071.536199 161.564761 157.067413
491.988989 -175.370137 19.331700
889.179688 -155.865207 84.603100
482.400814 291.154317 -8.524733
989.168091 331.199811 49.179120
322.532043 19.825280 -32.249280
640.563019 -128.221401 53.133501
839.141904 -14.706710 75.200109
1238.428833 117.072205 189.249
415.135912 242.088377 -4.569244
759.634697 332.114702 55.912748
1331.429820 274.813132 131.196371
454.434279 -233.343452 10.620927
967.657038 -242.913558 103.703134
1172.305908 -31.395925 172.619
393.142749 155.344152 -15.842507
653.306010 420.586634 37.320300
918.438041 234.088985 121.292728
481.013874 -133.709945 18.766238
816.127394 -42.042228 66.383005
1137.761133 -248.594981 78.384839
815.601308 447.095759 65.853125
1092.995199 354.926473 166.942866
405.457147 77.224430 -12.969670
903.804163 48.341311 79.508880
611.834084 -241.048556 50.275409
1202.844971 -163.142786 97.047579
416.325005 206.113898 -10.359511
784.686041 121.695951 51.763679
948.000336 426.006073 129.446953
1179.972371 262.060471 152.472026
541.978951 -115.603694 32.985981
1073.915847 -133.370554 73.337696
286.468112 79.139441 -40.715290
599.560124 338.927673 51.417115
600.050940 -24.169830 42.743380
975.922189 71.419414 113.971145
1560.455566 107.461601 185.768864
482.939203 229.589915 17.923750
441.634891 -141.150506 -2.283688
887.806017 261.588626 114.381618
815.030872 -88.650810 62.779111
1273.857019 175.018260 117.001488
1729.822205 -34.532759 271.831384

